3,582.3806918325603
4,4936.660483687938
15,2249.881125570539
2,3889.19780541753
1,1499.9167797582372
14,1251.9855255813566
0,2050.0621349155363
1,14.465057991161173
8,1976.208374741598
4,1568.2597377715829
7,557.9013330036485
13,820.0109656922302
3,7713.002472588899
1,5492.336231670106
15,310.06433572918814
10,982.5235161090885
9,654.1690399252522
5,8049.811392476396
8,4544.477912854062
13,417.6177443904691
14,665.7532562997055
7,2230.687687740019
14,2952.1658839790002
11,277.5157177502177
0,1586.3333699805632
10,2832.2772760991916
6,3308.7178073514665
13,2234.1656309047485
12,785.8677158937519
10,4181.628141372142
4,131.59674045770646
2,7252.145412556627
13,3084.0143522616745
14,877.3150761894111
2,345.11951359916446
7,63.190171449153524
11,185.52345896111686
4,1189.0135360017089
15,436.27079718072747
9,4696.227007889702
5,7956.594182834014
14,1235.1737661803497
10,416.9873882656209
9,2623.1707292719097
15,7232.725802037517
8,197.9593236072207
10,3207.2690754684154
5,376.574804085076
3,4295.7392749774535
14,2416.841440338412
9,289.5890951744632
0,309.5865006770914
10,4059.5337902893025
2,2971.245867615029
2,502.19808471417423
11,569.0326675961445
12,4647.148771609992
8,967.2875971525306
2,725.9706172634453
2,7243.956231968528
9,823.6403674531483
7,2969.943936696194
8,910.326816632094
3,1670.0349579550038
0,7311.644837559609
8,2343.5291116069366
7,1865.1674911206314
7,770.0275149335025
4,221.85021843623989
1,8300.402737537268
0,1485.8871355319568
13,530.034314968667
6,118.42697439870607
6,4932.711543727453
7,2158.1108136020853
1,5207.552518507173
7,2689.200411316588
5,999.8604669459785
13,5997.001564192246
8,3374.2335818370057
15,3273.835238447188
11,3979.433397042646
1,3064.0366255964223
6,72.9427824632034
4,1561.057256790773
2,652.1449759524411
9,895.5602524039003
8,3682.2846466965334
14,1562.8789068384576
12,3621.6432837014986
2,5944.858828051391
14,1907.5602638602984
5,6096.410975035166
12,4142.616993908976
8,4014.025872807313
5,3087.9033651747845
9,836.2654681146332
0,5409.228306258264
4,1088.8337086860208
14,104.41112729697694
13,62.58012378115374
7,782.137355120257
15,522.7306518302104
14,2820.597846465075
13,7565.836564794507
15,319.11603634839884
2,3004.7206294445227
0,2469.9147347391986
8,1268.039017524689
9,7540.181955197694
14,1232.6815233078987
13,40.54899228469408
10,117.11002163677334
10,1020.2353064669082
3,967.1049507919016
14,586.9029372948454
12,641.1822491377197
10,736.3898508689756
2,1540.5662967491457
6,1260.5322578162784
1,5123.572390613305
11,84.14870369663812
4,6016.4720668168675
0,7834.691193933505
4,1174.6704441207503
2,2974.954038974214
1,2392.82415756812
5,1176.9972501660218
7,2812.968921928673
14,5.365742184443604
3,110.05454995066978
13,290.39311848219717
2,385.98141528304336
5,4103.81383223739
7,318.0256191754063
3,4170.434138266166
3,4149.8011411748985
12,619.6008939926741
10,3190.5734446951396
7,2726.2572521538523
2,522.2131946206965
0,866.8587379093593
10,8814.871638151315
12,123.1766357471511
1,5159.383854144552
10,3529.9489524575006
7,636.2068864867792
7,3617.392960237678
13,205.41154260008773
8,584.7485901165525
7,1850.515381073033
1,2722.924693776248
1,58.79710971444046
6,1316.535586837333
14,2433.082896669721
13,2746.868499540489
6,5724.582221995561
2,1700.9426293876686
12,31.111364353012714
3,869.1321710037037
14,1798.3430349514997
7,4217.09719409089
8,3013.407484205339
14,8044.5956752909215
4,1294.2051538044257
7,1966.8739022926477
10,7815.158199182043
4,510.0961476258679
7,531.386521759084
11,1403.1181001803864
5,2555.3205993565753
10,66.04466359503287
5,2181.6862748253343
14,2887.3894949231913
3,8147.7797657432575
3,3118.226272956632
4,620.3572143816591
5,805.4427595820538
5,1203.1418991782243
12,3498.268350157714
10,702.8777394603227
0,6762.412365681309
14,1849.2835978446699
5,2718.884031838146
6,1177.508867208994
12,2536.73650569088
15,4003.6019477136388
11,5682.72153628474
13,2187.3330980782557
2,625.5846993336467
0,1848.356691826051
11,1250.5187318779947
10,1170.5394821724467
12,2053.8997576628103
5,1345.8667636280813
11,3557.524255867806
7,2419.4241204105315
7,1477.4336194039965
7,5.80265913670139
6,63.93680873335075
0,4299.899883620117
5,2028.431638265145
0,856.0591582022558
6,391.46629134716284
8,5641.753592108165
8,5359.477363162498
3,5356.150921691443
6,81.52723128915824
9,771.2403008869363
7,995.4141727979788
9,3208.6323817101265
11,2806.643893559503
1,3866.6801471006174
13,2914.417461855999
14,881.5951084898999
10,3093.2540555124774
8,397.41995966239085
15,120.19863631178625
0,2388.4371892475265
1,850.3880450254604
7,4263.808205851084
5,556.9368893174873
5,3729.896009812338
1,134.93804950901375
4,2087.864786523672
0,1428.4186539432403
2,221.5061366922447
0,737.858053657477
10,3923.7346227113844
3,348.63113010103893
6,2128.21356584321
11,253.52816150076245
4,73.22518153540457
3,1775.6470295006593
10,6945.52591577886
13,1058.9870947424133
5,4728.289774152274
12,1060.9056489827585
12,2874.0715628898365
0,1074.6855363833888
3,1950.3487525415649
14,2785.7418635180775
3,7962.013696309704
10,77.70742421357059
5,3721.2265824712185
11,1316.9201176065187
5,207.4442311644948
2,6527.917458839353
12,6902.107725851494
6,3068.5745194400956
12,2242.106095388884
8,4779.757459899814
12,1875.6137338085148
3,216.85234456753184
1,746.8221960848058
10,995.5640144486549
7,847.7989674149663
9,2652.0340954109124
5,653.8116240653654
11,2643.7294967696957
8,609.1000498009873
9,4528.057809500507
11,648.4183926406565
7,8541.533343043346
15,3716.1792225516365
2,194.79145879733696
0,2020.2521431351424
12,3284.525558291344
13,73.36278515846462
1,525.9792229368206
10,6702.085856661754
2,2134.500653533325
9,2088.128137906017
15,3000.343517846573
12,144.56316216838783
10,2947.609208873733
4,116.45677486949741
14,3156.124372784929
12,4924.979869992526
8,113.56032353336269
9,838.3497323942022
4,4833.328842609161
12,3598.5286397306354
14,1917.4443314664315
13,185.0305656129574
11,3293.0219757969044
1,1245.5322891789763
8,1189.3744389161068
0,3011.9121871940447
14,6552.261454133439
15,100.39482844637904
1,1028.5176596792896
4,731.9194071092663
0,3175.9987036882694
0,15.417545798313293
6,5838.701189952351
4,504.39383641630087
12,24.784723317674278
1,2234.5546596185172
15,112.58820050843318
3,3816.705884111594
14,5578.639913640116
12,3136.4188613640413
10,2084.5520365691177
14,2001.572804044393
6,576.7076171667793
10,325.9888788316975
14,5281.8576520810375
0,5557.536646167705
7,7259.928117014744
4,91.54075590881276
8,27.160604226702784
3,1356.1538711809787
3,1868.1464011455203
9,4720.056826211896
11,4784.823067440118
3,5496.9701864425115
1,1270.6851122666126
14,2764.8306813372346
5,763.3536264389079
8,2107.52805571762
4,8423.67449114205
0,2939.7289977428163
1,2007.0683797159797
1,2274.2743358614266
11,2319.2842722548044
8,471.4556696971093
7,3748.8302314514067
1,1018.7365185834211
5,5250.161583956744
13,3702.3081594760533
10,1491.1401095426788
13,1356.863683773122
4,1779.8176977659741
15,374.3403971344059
7,1955.1658290956493
6,1319.1532438112422
9,1533.23031469804
2,7054.273806975184
2,178.7883049502508
12,1784.4771155506974
11,1060.6209698098196
15,2550.536329480014
11,2755.2149855731977
11,3626.2374429332167
14,2492.9750739373517
12,7597.182570133932
9,8048.420097739677
2,3390.8495660937083
11,1079.8353003335396
14,3126.628428073035
13,2632.9930490578217
15,5345.41336013028
4,4402.95626044038
9,8441.317770538873
0,5197.558059353346
0,1976.1603505339422
8,4427.579331731112
6,3562.136753481208
13,1907.8816882517856
11,4358.252036154441
3,139.15432999016608
8,3941.814781626966
12,8731.059841084045
8,1754.5270541263092
8,5834.7776143303445
11,215.10180889469683
11,145.05849881623095
12,1574.9048407599437
12,4182.196807705164
7,7390.278886961192
3,3278.348950485218
9,1562.799967258448
14,1305.073699371906
7,1493.2115154158646
2,803.674730579645
12,126.54291544677544
6,1737.1109908927483
1,5306.427892447064
13,3315.5086361133212
15,3850.525266061738
3,74.39991651487055
11,4120.398431246722
6,587.5489641083047
3,7541.167947898999
3,502.6239225910413
7,8617.839129463884
4,29.447181687922587
4,2947.4855589844956
12,3419.2844515609722
2,2013.560865535592
0,2774.2167569892076
13,2667.033050976624
3,2530.402795072134
14,2335.4840477085063
9,5990.975237099733
14,654.8737561756802
6,2285.146023385238
13,5536.426060179894
11,238.84442745792296
3,1264.0093565340776
0,383.0712198540911
10,2464.6364466771515
0,1827.2115905008586
15,902.4297961508411
11,152.71413877379428
10,752.3950567529973
10,1577.4968760596887
10,1540.5167212913764
6,2269.9163394221077
11,3814.9265308583877
13,293.8028472763941
5,1812.0831883092214
14,8196.082704960943
1,4589.806701892098
2,8179.056535655889
9,278.2385720160217
7,6355.205412195954
8,668.9011288457205
6,775.0192109869461
9,45.44000094211484
13,1462.5369386138473
3,4979.571260685854
1,30.949127127248865
9,1431.4603098761838
9,1208.1584323320676
10,7015.840317111884
8,2467.523175360856
5,7711.661560127833
9,590.2171867685632
15,1374.2291204789638
4,1556.3985262351248
6,3324.688770902243
11,4718.879526140891
5,2217.85009051725
2,70.85450197172031
14,2746.399980790597
7,4696.092186535989
14,602.4949228019232
14,1386.5678832962199
1,306.4586661059375
9,2457.334918611043
8,1900.106421730568
4,1471.5857642461917
6,5013.665410669467
11,5624.927016911756
8,1113.5183931809431
0,1098.1852149127913
5,1040.76605965002
2,440.319491204829
2,192.33389842395135
7,897.9558131137117
3,2652.396592855822
0,4257.411571702687
7,8986.476221060066
5,1304.2931889092708
1,452.015684618742
0,6026.122635513836
8,1138.4403035234639
7,1676.5734572078907
0,1652.2471584841835
6,1620.1411952983094
9,1844.3674350810702
14,2851.7418755649874
11,4626.285471365462
4,340.40976036471534
11,3544.670353863329
4,1420.401692949602
4,139.6460558563112
8,294.45049924565393
1,3509.9099173953987
10,207.739851252464
4,2811.49264554583
14,1036.5499172550144
1,3384.1302283843643
5,2157.3011917400063
10,228.7892470159173
1,578.8032404935304
15,4089.4214458002457
0,22.195953705958427
9,1694.0245875299377
9,1454.4985660047735
15,999.7161707719176
8,4955.203195966073
1,1346.3115040796717
15,107.20653976755982
0,6119.396963072752
8,598.4880072827116
2,123.16882298788265
14,6214.680165944856
6,8079.702739688076
5,702.9275426062924
6,1733.021738134909
15,89.56403716644043
2,370.2359216250145
4,4035.721218685723
2,9932.353030919558
11,1017.1820366862426
7,1051.8109878275732
4,5769.818340415564
6,484.58928767418394
3,44.94733124647334
13,427.94832886900394
6,397.02106350856053
8,1663.5334151131572
3,1174.3338955465579
5,4130.726966064224
5,2038.8040756838348
1,4491.60898143712
10,2827.2333646749144
3,1395.3882479386493
11,62.05633573694726
13,5982.740042132622
9,6396.937210219581
9,134.90049904946497
3,5659.149910342329
2,1604.4069385485238
0,1736.4510052691446
8,973.9735223459257
1,5164.8072195906125
1,6778.60275284723
14,2520.86542789385
7,403.5103768876897
12,1062.1930508202702
9,4440.930978182476
13,1749.5661745515
14,2904.860309707621
4,242.9210226980495
0,3391.538793871962
0,8055.057099725129
2,1400.5851100268885
3,3327.272954986484
6,213.77601399939664
7,2239.9095575330125
15,955.260837809173
9,1402.512933627604
1,3874.7354874894027
7,90.78254505314762
2,275.08544395234765
6,598.6975279006683
1,1663.0052696245114
7,971.6621662745572
8,4179.939349170695
7,3668.458512511748
12,3928.4737931720174
14,22.626704311200577
5,900.7370271329632
14,2355.998297222839
8,28.7632693142396
2,6365.14028704189
13,255.82162412476458
14,390.62844734119165
9,8340.528084554333
10,2107.1470944454118
0,2741.1470167587354
3,3393.8475444885803
5,1662.3177769438216
13,4.8736078078035625
5,4237.076009482004
14,3773.8427787976425
0,193.8984460930776
8,127.05036817484522
5,444.4828926460887
5,5794.79297155523
2,1779.5075667459196
2,8457.445847066148
13,2262.8674042881557
3,2826.794360994337
10,381.96622103415086
13,560.9604201441903
14,1853.985482429813
11,332.10862419952196
4,4581.456988738
0,312.0856084369655
5,2050.8673622253036
2,3674.5305196907316
9,287.4091417790754
7,5738.2641621841385
9,2176.9113555735184
2,454.524398339061
3,2098.975415308446
10,323.9935262665
12,2722.857484066427
5,1890.5319152164861
4,5941.60743267657
13,348.9487195618909
7,5501.799352269328
2,3615.5914116788813
2,522.5507568955609
15,7854.745450058154
2,4579.6867998821435
15,5080.362375735611
7,277.4794327425467
11,8086.825388674449
9,604.9362240969062
11,3142.8368495744057
12,4518.042310038495
3,653.6795822033167
8,272.82258332197904
7,2409.959681411242
0,178.32326145169026
10,324.1269588034267
4,7624.744219640147
8,7681.304716971849
10,5128.825148562733
14,1363.9353220479766
2,89.20592114999364
4,706.3306589853813
3,613.9419800985812
2,896.5969575328041
5,1825.586379159734
15,1837.7641860787683
1,983.2051223920271
11,866.3550814411094
5,3510.4936863247854
12,82.88921279839869
8,2809.657904805549
15,958.3268326267519
14,3623.983528283857
7,455.45966323940337
10,3119.1353565349914
12,6152.425935427095
13,4003.2699179316214
12,7036.370947015296
3,960.4048501854913
7,6917.215741060318
1,2013.1980480713105
3,1680.2254258709177
0,4120.259852516451
14,300.7702590668548
2,797.7082953710332
13,6131.024642244
0,4005.1649606750684
3,3526.682401427746
1,350.118839221299
4,397.22324013025366
12,37.146774170086765
11,137.09137138197724
9,995.565145101088
15,8058.666089655539
5,2232.0896134531754
4,3876.3282852537636
8,1152.5874805017063
15,1077.6009026227275
15,1112.750890724987
8,553.8338602752697
9,1686.6982053331262
12,1498.4580202586199
7,51.834540301650506
4,1055.0825568701239
13,3512.3007681118083
5,252.7365256166452
7,5408.420133022379
13,3561.930162249546
14,1256.391502328358
11,8324.038033373226
5,7267.726798591132
12,1380.8174780711004
14,262.7338009050317
7,2218.1353840473134
9,6539.770872313596
7,73.96360164617701
12,2224.7021783264845
3,1264.8246248776848
3,619.282032136154
14,301.2566455659068
0,190.06022034686364
10,536.8967503677428
5,924.1369417087936
10,209.53702780950252
8,16.008461827984988
15,16.331319932171894
5,2462.7674803816662
4,6528.0538161610375
7,305.28270353555007
3,368.8492269533354
5,4821.209838094033
3,2313.0332561567075
4,2723.353479897002
11,3279.9035020333604
5,3884.6895803201323
4,5202.115356035771
13,5327.708219046894
7,1132.7898918512317
7,2533.419355926712
13,93.17112778661162
0,5498.313861175136
2,1975.9768006999993
6,3930.3244799267372
8,605.9234123727161
13,1397.557481580393
4,3275.888827163028
7,1746.7696132199342
8,1335.7402519043824
10,329.4399353357954
3,282.90014721167313
5,117.5342260369093
1,2531.4714165550113
12,850.8954281063106
0,5236.479290801922
12,5945.142356924102
10,2553.1673772949057
9,428.9737507420133
13,7242.013789457941
0,573.1714565036201
10,5687.09732258954
14,1521.5372578715367
8,5901.369329015561
10,2100.384655361143
10,714.9421943820398
2,342.08129582076305
1,7176.19182009892
1,5530.501361659495
9,1147.3192420446712
14,542.7323735561167
6,5916.842433080358
15,7513.660826930458
1,536.3403605607515
0,363.05734375905126
10,277.28305346154457
6,709.189264673648
6,1880.0061421506882
4,772.0651003436619
5,823.0441398728595
5,281.9297737601415
13,481.31671643444565
15,2308.5642212369007
4,2266.623264850374
11,6921.7884622159645
9,669.8818806861847
13,2933.7054951958557
9,538.3413448291861
5,3055.542075379771
5,773.2874066265488
4,2934.659823092805
7,445.8362746504534
0,3098.2504818667694
5,5801.187362418721
0,3770.4850370216864
14,1202.687294499695
3,563.1646031848122
2,2915.813721719876
15,1217.6339008889036
1,4236.408087810707
7,4949.687675863536
4,2135.612633767178
0,3426.611896960996
1,4602.167602520779
7,1931.1244300785897
2,68.32355229386852
13,2702.305947371277
9,330.1995916919485
7,2337.094615617606
1,913.0180110053035
3,1525.4320286291613
7,3618.6244702550107
11,632.9789365317072
2,1656.1349654707146
15,1127.5742547738305
1,5563.711771310639
0,791.8458811070144
1,2022.0748694599238
8,1559.7531870021885
7,344.47827364383824
2,966.0471802085907
3,8245.296035843976
6,1023.5252898952848
14,2415.537094788531
10,723.7604040429222
1,5230.37249637192
5,1509.238233477821
13,3721.3191056466794
1,6197.8550801152505
4,943.3717101086578
12,996.5408983255762
0,4388.774044775954
0,6263.987381147823
4,1022.5783389309721
7,1103.7569877822548
12,1969.2167064312223
6,2648.228543242915
7,1111.6818752191548
11,135.31341636661944
2,163.0328328228352
9,3077.532267150744
10,2459.6162956855005
12,6433.9107738426055
13,1184.323971653772
0,1243.670048042383
8,517.7033233691554
7,1821.9398180725689
4,5176.982912176182
1,154.99439598706127
3,1699.3484849631122
9,2496.107377373899
7,4796.977949951691
1,137.6130245769487
6,3082.2435036394027
4,878.3550825802977
0,3102.1195453162068
11,247.20721078268295
7,7812.486453044332
5,1754.3987695557473
5,7339.957005528316
14,6141.434686750585
8,2849.661375764498
0,5567.500177025518
14,1860.814214643599
3,3810.291423462494
15,181.11315016005187
1,3818.1071252298148
11,55.910923136002864
5,5371.704626616682
0,2004.0764457611162
12,3364.1289611267935
7,3049.360553603537
7,6288.894003900069
7,385.8308374955645
0,2562.633974860317
15,1271.6419533001508
1,639.6037480110413
14,3579.1335352601127
5,2712.117321677059
10,4157.960889704945
4,1669.1784806185326
13,569.5616259896605
13,1101.4374759106195
7,4389.026483696952
13,375.2788157765599
15,1466.030892536064
0,2867.229030881514
14,2498.7386003269426
1,6471.2078922755645
12,2846.760308006155
14,939.9913355893651
11,4493.922292357775
0,4036.9321924835176
0,462.4402090063676
8,3249.7735243113184
8,5900.076043789429
1,6799.718564454308
12,1193.2763291368062
2,3983.3583187043946
1,4025.305388771496
10,2160.810974720054
2,3579.9517749213046
13,3673.044050830852
11,744.155682796993
12,2531.5421662389504
3,3505.5943052965317
15,6321.026498716065
0,2824.8258941615063
1,1800.569134373355
6,2288.56252390622
15,1314.6295924114565
13,1281.445728902757
6,365.309057222642
2,5735.414357894816
3,118.37072188305382
15,1760.8911314153413
14,4525.77249754795
3,2412.063517646761
11,426.18241388575774
1,2375.66374017016
14,1565.8298893615365
15,597.5819610150585
0,5836.936570050961
3,548.9672568767504
15,3075.7505151425435
2,3638.247545340778
9,3877.533784167078
4,7313.464186600766
12,3615.6001466988005
8,2503.9766934103295
15,4838.120675987393
9,1675.3468420434608
9,6979.275125413
1,401.8366572862788
1,2472.7025789586933
15,2534.539214694671
6,825.2508745835729
15,1573.10332324965
15,1880.90680096088
3,2563.066420170545
10,1072.3543446100498
13,3004.3173169547335
2,1738.6921488025496
14,1138.268406828605
10,136.95935228573603
15,5012.01468615198
6,363.16941839970207
0,1342.873515749631
8,4774.536212457406
8,703.3066934803051
5,1150.1415161790544
12,167.7249504856864
5,1908.7513403761952
10,8632.954632853694
3,1765.6938198302216
13,1412.1738346454931
15,5104.390455245966
9,4472.2961423211145
4,137.0625839037135
8,6785.3559149052135
10,1637.4248234200963
8,5281.38891145595
6,182.13785699916997
4,1182.2082657895423
8,1083.038351438681
10,1704.1045571302272
15,1742.971079489308
2,82.39153733523774
11,2064.8551740263188
3,2020.546095195055
0,126.08464235039325
2,152.7425346575085
8,591.7229896221031
14,2373.697170447814
12,1435.11222041133
8,5783.974911402175
14,3665.5398827786184
14,1487.5201151849637
12,3817.4102467833745
2,865.9244811065045
10,3201.510077075099
5,6001.220776617603
8,4229.634522256576
13,5188.114124471976
0,2593.2704148123935
14,851.3205968055469
8,166.0098344515656
9,17.931063167719447
11,46.329836955231215
3,39.726484398791854
12,2793.5587357428653
8,222.69030310156606
2,1117.4011544711261
4,786.7744820414716
14,633.5547542523661
9,1244.704704548981
8,3395.366433845679
0,795.8225815090182
9,4655.171988799692
7,852.7786996479996
13,392.5675493684777
5,894.4097869137356
12,457.7385405104503
14,1590.7632536222116
14,6130.496149920057
1,365.8094958883723
7,2260.8341005037255
15,929.5873348689618
0,1622.8812212979126
11,127.77589733697494
4,625.9333473566442
4,265.66458491496843
11,2588.862379317065
7,38.39033309167053
2,3216.9757553878353
2,2589.9465392460493
11,2561.9835633785056
2,3416.304178273993
7,6783.0072216110475
8,5743.636222507263
7,1967.6919708038572
6,4427.342083819243
0,5761.115196764383
4,4458.520749564725
7,294.8179941263293
5,194.86653801711012
13,440.0369610291248
5,123.84525627711281
10,293.81582792520715
1,2971.0055755375947
6,2003.3768705402083
11,104.49462663431105
7,1570.5035227602502
2,3208.472886285763
15,514.0011890522474
4,232.18074791993888
12,8759.655784293021
4,898.9286984425556
0,2761.603698452848
14,3364.671054841547
6,2163.771845763357
1,6894.83359059301
11,2552.4974209526335
6,4077.3176091801865
1,156.80828588402824
0,3743.3787603259466
7,3089.20973948452
11,8177.1885385915575
1,853.8200246420907
12,1519.2534598193654
5,246.88286530106836
2,2933.400768817205
2,3539.8664463621044
1,2084.8218220995636
2,4753.894657189202
4,7262.466003180583
